   3.4881232e-02  -6.8369646e-01   3.6563519e+00
   1.3946518e-02  -5.1178733e-01   4.9628758e+00
   6.4104017e-03  -3.9213181e-01   6.0817659e+00
   4.0126137e-03  -3.3497996e-01   7.0306253e+00
   2.8541085e-03  -2.9920073e-01   7.8229360e+00
   2.1629829e-03  -2.7289461e-01   8.5376744e+00
   1.7122440e-03  -2.5251217e-01   9.1937303e+00
   1.3991040e-03  -2.3611258e-01   9.8032811e+00
   1.1711872e-03  -2.2255112e-01   1.0375021e+01
   9.9919702e-04  -2.1109143e-01   1.0915060e+01
   8.6562228e-04  -2.0123845e-01   1.1427936e+01
   7.5941972e-04  -1.9264819e-01   1.1917371e+01
   6.7335676e-04  -1.8507449e-01   1.2386249e+01
   6.0241521e-04  -1.7832582e-01   1.2836812e+01
   5.4315195e-04  -1.7226659e-01   1.3271074e+01
   4.9301419e-04  -1.6678264e-01   1.3690510e+01
   4.5016734e-04  -1.6179142e-01   1.4096594e+01
   4.1318525e-04  -1.5721947e-01   1.4490376e+01
   3.8102265e-04  -1.5301456e-01   1.4872973e+01
   3.5283126e-04  -1.4912770e-01   1.5245150e+01
   3.2795690e-04  -1.4552059e-01   1.5607674e+01
   3.0587875e-04  -1.4216141e-01   1.5961236e+01
   2.8617544e-04  -1.3902305e-01   1.6306456e+01
   2.6850277e-04  -1.3608179e-01   1.6643815e+01
   2.5257456e-04  -1.3331683e-01   1.6973780e+01
   2.3816525e-04  -1.3071240e-01   1.7296799e+01
   2.2508017e-04  -1.2825421e-01   1.7613373e+01
   2.1314766e-04  -1.2592647e-01   1.7923617e+01
   2.0223614e-04  -1.2371984e-01   1.8228008e+01
   1.9222398e-04  -1.2162311e-01   1.8526783e+01
   1.8301341e-04  -1.1962845e-01   1.8820297e+01
   1.7451562e-04  -1.1772693e-01   1.9108702e+01
   1.6665537e-04  -1.1591150e-01   1.9392239e+01
   1.5936700e-04  -1.1417566e-01   1.9671134e+01
   1.5259736e-04  -1.1251471e-01   1.9945606e+01
   1.4629307e-04  -1.1092245e-01   2.0215797e+01
   1.4040933e-04  -1.0939373e-01   2.0481839e+01
   1.3491035e-04  -1.0792542e-01   2.0743986e+01
   1.2976183e-04  -1.0651346e-01   2.1002335e+01
   1.2493133e-04  -1.0515361e-01   2.1256989e+01
   1.0471779e-04  -9.9040907e-02   2.2479730e+01
   8.9357097e-05  -9.3831620e-02   2.3639038e+01
   7.7350273e-05  -8.9314346e-02   2.4744925e+01
   6.7796620e-05  -8.5363656e-02   2.5792851e+01
   6.0049272e-05  -8.1869122e-02   2.6789270e+01
   5.3664398e-05  -7.8747684e-02   2.7739329e+01
   4.8330216e-05  -7.5936873e-02   2.8647329e+01
   4.3820273e-05  -7.3387368e-02   2.9516740e+01
   3.9968260e-05  -7.1061148e-02   3.0350686e+01
   3.6647441e-05  -6.8926644e-02   3.1151738e+01
   3.3761618e-05  -6.6958756e-02   3.1922050e+01
   3.1235886e-05  -6.5136950e-02   3.2663618e+01
   2.9011066e-05  -6.3444045e-02   3.3378174e+01
   2.7039535e-05  -6.1865073e-02   3.4067055e+01
   2.5283369e-05  -6.0388111e-02   3.4731716e+01
   2.3711594e-05  -5.9002682e-02   3.5373263e+01
